106
265
407
467
488
506
512
517
593
725
784
818
845
900
965
971
1010
1064
1071
1145
1153
1193
1197
1207
1225
1254
1352
1380
1430
1502
1604
1673
1865
1976
2009
2014
2017
2056
2126
2455
2629
2680
2683
2744
2801
2825
2870
2894
2957
2968
2990
3022
3047
3053
3104
3110
3122
3206
3209
3304
3374
3389
3440
3449
3464
3506
3511
3527
3545
3611
3626
3668
3779
3812
3841
3947
4043
4109
4130
4198
4268
4349
4396
4406
4429
4517
4589
4606
4619
4628
4660
4706
4724
4904
5020
5026
5033
5063
5072
5102
5120
5132
5135
5203
5249
5268
5354
5444
5458
5477
5569
5575
5591
5680
5683
5705
5717
5858
5918
6057
6080
6155
6161
6242
6251
6341
6370
6458
6550
6560
6596
6638
6686
6769
6844
7024
7039
7088
7209
7280
7303
7357
7384
7402
7411
7439
7443
7454
7460
7492
7495
7530
7547
7568
7574
7580
7664
7757
7802
7880
7895
7908
7957
8000
8032
8039
8080
8132
8147
8198
8213
8223
8284
8311
8363
8400
8419
8493
8519
8645
8650
8702
8756
8772
8804
8897
9018
9035
9065
9074
9098
9125
9133
9137
9273
9287
9329
9352
9438
9457
9491
9523
9617
9620
9649
9655
9767
9829
9851
9925
9980
10004
10069
10102
10151
10175
10198
10214
10268
10297
10409
10434
10441
10478
10485
10514
10537
10546
10568
10598
10661
10694
10736
10756
10769
10790
10843
10874
10879
10883
10919
10937
10950
11061
11084
11090
11110
11125
11140
11143
11162
11218
11227
11245
11254
11259
11269
11314
11318
11347
11366
11369
11372
11398
11402
11432
11438
11461
11518
11545
11602
11696
11731
11771
11848
11855
11934
11951
11995
12025
12064
12125
12155
12173
12218
12245
12253
12274
12289
12298
12349
12358
12370
12389
12392
12416
12425
12475
12518
12536
12572
12610
12633
12689
12718
12758
12764
12840
12863
12985
13031
13088
13153
13210
13310
13337
13387
13400
13432
13448
13525
13555
13624
13684
13735
13767
13809
13825
13843
13897
13900
13927
14020
14025
14032
14077
14089
14163
14206
14257
14347
14354
14380
14446
14512
14560
14577
14650
14698
14773
14779
14797
14826
14890
14905
14963
14986
14994
15001
15013
15040
15063
15076
15135
15223
15240
15262
15282
15302
15315
15324
15336
15409
15435
15441
15460
15490
15505
15547
15553
15571
15595
15622
15646
15667
15702
15705
15721
15748
15811
15819
15833
15868
15891
15910
15916
15973
15991
16002
16033
16069
16075
16114
16117
16134
16143
16155
16165
16201
16209
16280
16310
16319
16333
16378
16387
16402
16411
16437
16492
16523
16540
16555
16568
16582
16681
16733
16774
16849
16855
16894
16932
16972
17014
17029
17055
17167
17179
17186
17222
17299
17317
17356
17367
17380
17398
17422
17520
17541
17605
17645
17655
17680
17683
17791
17857
17863
17905
17920
17961
17980
18022
18046
18152
18183
18207
18210
18222
18238
18252
18283
18293
18307
18322
18409
18495
18517
18543
18593
18601
18621
18665
18683
18709
18759
18766
18776
18808
18829
18835
18841
18856
18864
18940
18955
18981
19072
19079
19090
19093
19147
19174
19181
19201
19282
19297
19309
19391
19402
19432
19498
19504
19525
19536
19539
19630
19642
19666
19726
19735
19774
19891
19929
19990
20002
20026
20035
20107
20167
20244
20271
20275
20308
20329
20430
20464
20518
20607
20623
20629
20688
20706
20715
20746
20778
20781
20785
20850
20959
20974
21026
21048
21070
21085
21187
21207
21221
21244
21250
21281
21316
21322
21327
21331
21396
21435
21460
21465
21535
21562
21743
21758
21767
21782
21821
21824
21935
21971
22018
22070
22090
22154
22358
22400
22406
22421
22613
22700
22724
22742
22748
22775
22841
23003
23045
23063
23117
23172
23192
23282
23328
23402
23435
23483
23525
23540
23571
23650
23752
23779
23805
23828
24050
24071
24161
24166
24259
24265
24281
24302
24311
24410
24425
24494
24581
24646
24709
24734
24752
24761
24809
24812
24854
24890
24941
24974
25049
25079
25121
25142
25178
25194
25200
25246
25258
25270
25331
25392
25404
25456
25523
25595
25717
25764
25787
25813
25816
25909
25936
25967
26071
26104
26119
26169
26182
26185
26230
26244
26522
26578
26611
26637
26692
26771
26792
26846
26895
27201
27255
27358
27372
27393
27755
27824
27867
27893
27949
27964
27984
27993
28024
28080
28206
28227
28273
28283
28304
28358
28448
28514
28573
28593
28640
28665
28733
28900
28910
28919
28972
29078
29221
29236
29291
29402
29474
29503
29537
29557
29617
29648
29770
29791
29805
29838
29865
